0
2
5
7
24
25
41
50
53
54
55
59
64
66
68
70
76
79
86
90
102
104
110
121
123
124
126
131
133
137
144
151
154
157
158
164
165
168
170
175
182
196
198
199
201
202
210
212
218
222
223
229
230
231
232
238
239
245
248
264
270
275
280
282
283
285
290
292
299
302
305
307
314
315
319
321
323
327
328
341
342
348
350
360
362
366
367
374
376
386
387
390
393
397
398
404
413
422
424
431
433
434
445
453
456
460
461
463
465
470
478
481
482
485
488
494
505
511
512
517
519
522
524
527
531
549
552
556
557
559
561
562
564
565
566
567
570
575
583
588
594
595
600
602
604
605
608
613
616
621
640
643
644
647
651
652
665
678
679
684
687
690
691
705
707
721
723
729
734
737
745
751
752
764
768
770
771
775
776
781
791
799
800
801
802
804
810
811
828
833
834
835
836
839
840
882
883
891
901
902
907
911
917
918
924
930
932
934
938
939
940
941
957
958
959
965
971
975
976
982
983
984
993
994
997
1004
1014
1018
1028
1030
1031
1036
1038
1060
1062
1063
1069
1070
1073
1081
1082
1083
1098
1100
1103
1109
1110
1115
1119
1121
1122
1133
1136
1143
1144
1153
1172
1175
1176
1177
1181
1186
1187
1197
1199
1213
1215
1217
1219
1223
1227
1237
1238
1240
1243
1244
1255
1258
1267
1268
1269
1271
1272
1273
1276
1282
1283
1284
1285
1286
1291
1292
1293
1297
