2348180
142035942
130407398
29611060
194129847
52767463
3491569
203640224
200429223
25183434
2544242
15063516
12140706
48907472
188211110
145960363
142427535
202457593
203479663
33431734
235220596
15654258
205566662
139275305
142756998
221463697
63065803
112339900
32515220
42421624
73803986
90289204
234016912
235217374
16207125
227130810
65029448
128506057
209275677
40970804
144039839
217504730
196137435
52383462
101600209
145216912
196140621
214031550
10924176
12726182
153663044
218505858
49591230
52147282
112778163
7032244
54928457
56698834
76628974
114080742
128039650
6827034
160189160
35539400
55324064
87144702
263315054
21869019
50802039
52607696
77511280
162715864
180139101
213047547
6761864
29146950
39563906
64018908
84225062
143994735
220745222
253896128
2545582
34227852
81441319
82106152
83641472
153823204
55172164
72201501
78959199
197480178
264521511
1591497
9906631
19059851
36878194
52486027
102714406
227364195
9904397
16046260
25276800
95597713
128505654
130202610
169750383
187489053
190005741
206756337
263314802
53038435
57850123
112507890
127450647
200399058
216943443
235263738
236472324
254690235
6759877
47260537
75842075
138289739
225563736
251150503
260354967
36364012
48180174
64572484
70628724
150254125
202628790
214031574
4270205
12725660
15484968
27440390
41333469
53001958
142757854
143439837
197272909
211037938
10374598
19059770
56699780
68766451
107272127
109231995
122337154
122664738
151574738
174905982
4735108
35897038
37673883
85375520
92068838
158906363
205771485
255178031
7032735
12311943
29445988
30325006
41888175
87546836
87938420
93509125
140301597
151572895
176178561
179456064
220838692
231884268
5063687
63785085
70628548
82426984
82781192
88229779
95475147
106091659
135058174
153663442
170449654
189284519
197664777
226642464
241360209
2740608
24303599
33311107
77221854
102481437
110250104
151929181
160507384
220088691
5186023
13910300
27769576
29305806
41335770
72828540
112731143
126663106
143993629
146810256
157604869
168484534
189182018
231980282
244235598
1488856
3099475
28790130
51426593
71685409
74981732
82427867
90755881
118238023
121982248
126661027
142390369
148514321
169328532
204030638
206166202
222998792
224186652
229917154
238888845
34229660
37270214
52054963
57850227
78524271
79354479
92358610
162672340
166932387
167521557
175253317
204033460
210286145
215296912
228898554
266488018
3493732
24259561
53400891
65359548
72593890
99372747
111233845
115650886
143046530
143048127
145564032
149271220
152686678
202421740
209275803
210883207
225986519
239713919
244335824
259112454
263734137
7031707
28790226
43892597
52605847
56700772
59890131
65030948
72830424
85084783
85375923
86626744
95599941
117843344
122765787
135405654
138523316
141876654
148288350
208676546
214576600
236006420
244067474
13322199
15409296
33959378
45369595
78794317
79121358
92022243
140302803
148512930
148981640
150649662
203602949
209769406
231191560
244039578
27441277
38610637
41729784
62401327
64569937
77217816
85410285
151572806
154065796
171978398
188820697
215465514
220089124
262357318
8180875
10802149
23152856
40971032
55321622
59292982
62177097
73391066
97798335
100851142
111232399
179454907
184931415
187880011
191376709
199023312
216026753
220642024
223160908
231857774
232052987
255180131
5976039
17882302
21777918
25054689
27602137
39077928
40455892
46148628
48514030
76010689
76951450
81442428
93040676
93510661
95431990
130079571
148487686
154292170
158905823
181710925
205773574
218506972
225593145
231586347
253436323
257174883
17319057
26196098
39442819
42937736
63063092
75841940
94689460
97406862
102358842
104285761
121979295
122498169
131223035
146424026
147308145
157604661
164841467
165431416
187610308
187714447
211036060
216539887
228113394
231661471
238497184
244064928
7715487
21542090
31998331
36877319
49200939
65122850
66706059
69058296
70114788
74364222
76012782
81320836
93903373
94688833
107199760
122572686
145051435
180401146
189612589
192171705
215294871
218019215
226613384
232054712
45464464
57682100
79898915
79900102
88228471
101920468
106440332
118283104
118677411
126370349
128038690
142551900
146979571
148983538
163109383
188818880
209594061
222645084
226641211
235808023
254689831
255177138
2545522
4083223
7545110
17318891
21544525
25701275
32000977
68962700
77313483
92357195
104943289
107227381
132206039
141015118
147574793
149346571
183556141
187415802
187711907
187882395
188003524
193939950
224187684
226614663
235808006
246471052
254064418
256425495
8306574
19062070
19738081
23836741
25185576
28753707
36361106
51193777
54608734
57164465
62991166
63231444
87545544
105700281
110251420
112338898
119422985
135058045
139274759
146755026
152322081
168249521
181589761
184726861
222410043
226566584
254224113
263312169
6217293
10608307
11523154
22170692
24631374
29568320
39440824
53916296
55322542
71360398
72232888
85573143
85599127
88203192
92021020
103492124
136298111
137577214
138944656
145282639
166769797
184307556
202626855
204744142
207600660
221819953
223327736
246594300
265870050
6602158
8106399
10373743
11525073
15289851
24302430
26466865
30326385
59327162
65125803
70705118
77603951
83220422
100970760
101364401
129022671
139863928
160115989
171125009
172697474
185916252
188559197
189016244
193388361
204229231
206879275
220473899
222220998
238963509
253087876
256423489
2303699
12724962
28786850
32722827
53159805
59617447
63783327
64534210
74963891
75188439
86657980
131191550
136630811
145837941
146853917
150462439
157828411
159438530
162714772
169328235
171000617
188604203
208843394
214227825
215565457
223328800
237260733
254691804
8436888
12695020
24258830
26889916
29610981
33432103
36129721
45367994
48909688
52382451
53159940
57064360
66828271
69087207
69552866
72502880
75637905
76526493
96488677
104679378
121315357
128036900
130076749
130527627
141436882
142755408
143438466
171560993
187612744
192168043
193188002
208845124
216870567
223035850
227128812
243061809
247606996
258201891
2545742
3492295
35631430
38218502
40622720
50020519
69132105
75966860
112731931
140685401
142098914
150415537
152446741
166809581
188228941
193341518
195870162
197870377
207430852
216190982
224187287
243064142
4343797
6476084
6602662
18432766
20718257
21747513
25279225
29640332
37270091
45340858
53917164
56771660
69319043
69345969
70114485
90757147
113884134
120015025
135219524
137971963
147606388
151461894
153100374
169721202
170446857
170450295
185353808
202421381
202628116
204948798
218018913
218355581
218901218
228608786
235684224
247576321
261077246
261077279
10375005
13838861
15063628
26102498
37084374
40230436
49631046
56774589
94446662
96935960
107103284
118958958
122499038
135967272
151339554
155864069
162549592
175129478
207505137
207601400
210285644
212880894
217505078
224189700
255085264
257734956
6759037
29567860
37084186
40227172
41436677
43000295
75967874
87144721
87937683
104352415
104677758
118238213
146857432
153664352
177490291
187021503
204033940
204230257
204350138
207150891
210841477
213986330
228608897
242305069
4081169
10607384
14078838
19613005
25185209
31896091
35633628
49591923
55717374
69318910
72231467
82827188
84222504
92021005
97209969
103099784
106020027
112777014
113563705
150060052
152886609
216193995
219294997
230900217
253087750
6827280
10345990
16438840
18558253
19737790
50911732
52053014
55717869
58281478
61024177
65874900
67586960
68933553
77218439
82499549
84270027
97403977
120014817
122169208
136951592
137702504
142427179
146754346
154066290
193341480
197246382
204031135
212188398
220639510
222642654
228702072
235686662
250130576
251153915
258793145
11026599
21777128
23115741
27647193
31999556
37674978
52027083
57849780
59449368
67424876
74984749
76010314
85085521
92021809
93115984
101403488
106215949
118283794
136856634
142880130
143992696
148886900
172537112
185672378
188209646
190954866
194567502
212880856
213892217
220839869
221822262
228344881
230696642
236565783
256425654
256826178
257175288
14690382
27442568
74636440
75637356
78917233
83567085
97005409
102384574
102714087
103144474
129254185
144385586
157829587
181710854
184888267
188003166
208843027
211307134
236567928
244431039
2547064
9972273
15652332
15877892
17095918
25276772
26981668
40968620
54571272
57849934
59694822
60809048
102676974
107270602
112776964
135451975
137417291
144384773
150807817
152091212
155441584
156425958
166809250
166931296
186592648
187612587
200399099
202750072
211305560
234017410
237186068
246201525
261076460
9158098
21186761
26196183
30941190
32517553
51830136
73186120
76529135
85009415
108182649
146978498
152716940
155565468
170607895
184886315
184886849
197440671
204788758
210287288
211401769
215342507
216024836
218779384
223326750
225985426
6018381
16206916
38283509
49002996
52933771
53001476
65126232
67820761
82032531
85373485
102088269
115529652
121776419
126074085
131387670
148165215
154289864
162548716
179429298
188210143
203478275
209048039
213048597
222177805
222315919
264688263
265207238
21774788
26260933
26590926
30944377
33308986
34518175
43892260
50188670
52936541
58280332
100973515
119659210
136005713
137420271
146200434
163727048
164637362
166806459
169551137
175252453
176301321
183557097
205925233
210912314
221238863
227363914
232054379
232867201
241360617
3490148
18331828
20691834
24260278
27442064
31731658
32722685
53919654
62053614
67944411
68541466
69130494
77344136
82622209
84857598
87502503
97048753
109952217
111355822
125023812
125026196
135059398
138337011
140725870
154807228
177066310
180633758
218356467
221856517
225520135
245517241
261180156
263736141
9951186
27647550
44555305
50847167
73019367
73346194
76948832
105698757
117890368
129023892
139505933
144385286
145957094
161731654
171975134
179454662
187051726
197148764
200594784
221462620
223235626
260356801
7388908
12041148
20130336
29610262
49075912
72893812
73184739
75685854
83218925
84223261
84617503
86261766
90758823
102714597
113789671
122936174
126661640
135283163
137699337
143082083
148487233
162549013
169429993
239349445
242502370
245612145
5063060
6141261
8597414
14428921
17415242
18433533
21543409
35465760
44556024
52345671
64935681
72830574
93511151
112778788
136296556
140689330
145799140
152091188
164839591
171975995
173135936
181357020
193387912
207934749
213396194
213599775
222410451
259110203
12038740
19613324
20174593
25905272
28789566
48181155
49629807
62008939
103566303
110933194
111353862
112505107
121777642
131194772
163727023
171125600
188210510
199021953
208451064
209565467
212093743
231857978
235218463
237026161
245638981
260748687
17320500
29143677
29567246
44553807
58568728
80692703
84223441
102116686
130997873
153821280
194564192
201859168
202626915
210287953
212065713
212262834
225595092
236566276
242304087
253870007
257020593
17882786
31272645
49985737
59102089
62176053
72893957
75842825
124535709
130202119
134621053
146424839
156032427
164635966
169391566
176301345
186636413
194100081
209472474
218507268
237624054
247649739
1589890
21479094
35896861
40968744
50910257
83221638
145800892
160114156
165694994
189285967
215014881
233851851
9230660
41532189
42578335
50190830
88744669
95477217
105626361
110372853
152716786
182695215
200035119
213723507
240695109
8597470
27010042
62213241
72597174
73221021
73607960
74963441
94449170
158907664
166208594
197273378
216026378
239513671
261937584
2500979
49593016
62897623
72502346
72895411
100850509
125022472
125096918
180400787
197477572
210520400
216868305
11318345
22655278
29305713
49395793
49590621
50847010
87220127
102815545
166770745
185841549
208450945
216542545
227033581
236004914
250758039
1489220
1591476
4735865
41889720
65592750
92358980
112338368
128037451
131907055
136793842
138524546
157559485
203928211
207860187
209593414
219893526
238607598
253897708
255770345
30941677
33013392
35136040
86066984
130830302
152090702
189409711
248369748
4080737
5064307
6310608
72667294
76235066
104943099
189802769
190005380
265475555
58572101
59618235
112340120
156423795
190006978
228114082
264616776
2547595
3099925
14081440
31531966
93507733
137352954
145566788
152089687
221429501
262155706
21028465
35537489
72229940
82780665
127449166
128114621
138095092
146593593
150059931
171562006
212878433
218509195
228114132
228775264
19017530
48906991
64692896
92021893
134621904
149573362
208285162
225688952
6477128
21149155
22658538
23114285
35728958
56044081
75189462
84663136
133185698
140136142
143437901
156423486
160188370
188398129
